241
154
295
251
22
233
279
83
291
99
116
192
202
170
199
9
77
4
270
167
179
176
90
11
129
183
40
283
265
151
124
273
137
260
173
107
67
276
232
268
68
256
94
51
120
225
248
223
85
12
48
134
98
7
123
184
41
13
207
61
82
271
20
186
230
42
74
139
254
69
44
145
110
162
294
25
138
148
28
209
203
55
287
16
101
216
191
18
219
3
122
228
79
63
297
218
250
217
104
60
118
43
189
278
54
96
292
140
169
163
229
109
159
75
272
227
175
157
257
181
121
190
56
108
155
53
71
141
111
234
46
285
47
210
143
125
10
89
226
92
131
263
246
50
208
275
168
200
255
266
70
242
5
214
261
91
93
204
188
57
45
65
132
158
164
205
284
196
293
274
135
258
174
288
14
240
31
211
235
81
152
195
236
198
193
52
281
172
6
24
128
27
280
147
19
187
178
166
100
105
224
156
161
114
112
249
102
220
262
171
300
259
76
80
72
277
127
182
144
37
146
243
252
239
160
267
49
21
88
185
33
103
231
290
2
238
153
30
29
35
247
95
97
62
113
215
222
73
8
245
106
36
58
142
86
212
237
177
150
34
298
15
206
269
84
130
201
180
87
23
213
286
26
194
299
221
17
136
38
66
149
78
119
64
296
133
117
115
32
165
59
289
1
244
282
197
39
253
126
264
290
77
150
168
5
176
163
223
271
240
65
20
272
200
161
107
246
9
179
189
10
191
56
211
258
55
298
235
69
57
68
291
39
142
22
244
115
2
217
64
44
172
178
72
247
40
61
270
177
167
12
287
245
144
214
280
19
48
37
130
155
11
169
141
284
105
116
256
100
238
129
173
181
102
207
224
121
239
266
145
95
147
262
186
83
132
38
299
49
188
279
36
114
281
225
283
204
243
1
209
73
41
133
25
33
296
276
268
180
23
89
143
208
26
120
74
71
85
29
248
184
196
242
135
113
220
265
67
146
60
134
206
288
231
18
205
131
171
292
21
53
275
165
289
233
201
232
226
117
190
4
300
170
92
136
164
139
295
198
87
249
259
125
47
112
282
111
230
213
140
52
221
252
153
62
197
162
286
54
215
229
16
14
51
234
185
31
30
154
93
210
278
86
274
58
137
203
267
28
263
182
66
166
15
157
34
46
149
269
216
251
35
159
104
27
32
148
96
45
90
227
7
124
101
84
294
94
212
99
6
261
110
24
260
236
174
156
8
98
187
285
81
88
253
264
78
108
118
254
59
128
257
13
106
222
202
250
119
79
138
109
123
175
293
228
43
194
80
63
241
42
192
199
195
76
122
103
183
127
152
277
126
193
158
97
219
160
17
237
255
75
82
297
91
3
50
218
70
151
273
242
203
97
30
1
133
173
79
102
253
243
294
55
51
59
19
195
10
73
234
244
289
291
201
23
221
38
238
220
89
186
250
197
127
296
163
4
295
84
287
107
263
2
261
175
64
214
138
247
215
230
145
218
300
217
7
192
225
137
156
112
206
183
33
101
299
168
161
113
170
35
182
249
146
87
124
130
284
202
248
142
46
171
18
120
69
273
27
110
189
42
256
257
219
169
140
222
165
285
235
134
131
227
167
162
159
40
24
185
111
3
41
6
135
11
255
20
81
154
166
14
207
126
174
232
99
224
26
76
78
108
293
212
61
36
269
71
187
83
119
66
5
204
34
106
147
122
57
292
85
67
68
280
150
149
104
223
172
50
28
191
298
94
240
123
129
278
181
283
44
32
72
274
151
259
160
45
152
100
153
231
98
25
209
246
205
239
141
60
96
272
115
117
39
121
233
48
216
144
74
54
37
136
75
241
77
180
245
264
148
63
286
116
132
176
49
53
252
226
200
208
266
211
258
93
128
12
8
262
13
213
52
270
17
229
109
275
193
228
164
271
260
267
155
188
158
103
282
279
65
281
210
56
114
277
80
47
29
88
290
265
82
157
178
15
254
22
95
90
139
21
118
237
143
190
179
177
105
198
268
43
58
251
92
125
288
184
9
31
16
199
236
70
194
297
91
276
62
86
196
167
126
282
242
3
96
274
165
229
166
184
145
252
232
296
186
40
185
200
48
148
80
236
283
227
4
181
162
238
221
237
61
295
205
81
171
183
17
250
5
110
138
29
210
19
32
53
297
276
128
259
22
35
245
222
97
132
189
41
169
298
92
207
54
131
241
191
24
267
100
49
64
141
137
209
278
140
220
123
142
26
102
182
106
216
37
161
192
109
144
63
269
174
7
258
33
65
248
70
249
129
247
71
257
56
271
251
1
79
12
87
262
31
172
90
246
254
208
99
21
273
10
214
197
105
62
204
114
111
244
91
11
268
287
73
112
275
292
201
284
60
213
256
57
94
253
266
300
206
153
52
44
219
163
34
78
95
261
130
151
86
224
30
289
113
203
243
152
234
119
39
45
160
159
117
133
255
202
288
135
98
285
211
294
240
66
74
14
121
277
170
225
20
125
9
212
179
178
36
263
190
146
272
124
195
42
122
58
239
69
260
290
28
264
199
230
173
55
217
93
143
103
193
226
82
134
47
154
23
72
281
76
2
157
136
115
188
280
228
147
88
50
279
299
101
286
180
46
127
84
38
89
8
223
187
6
149
27
177
43
293
51
116
67
85
194
291
235
107
15
218
13
139
104
233
176
108
18
175
120
16
168
196
83
75
68
198
59
265
150
158
231
164
155
77
25
270
215
156
118
269
277
198
22
65
81
105
1
109
135
82
54
141
95
117
263
94
77
100
287
97
235
212
223
239
140
207
74
69
188
7
175
20
224
18
191
241
178
86
60
227
205
3
66
167
292
158
48
273
285
194
169
183
137
122
133
189
272
155
166
240
216
10
161
28
195
125
79
185
286
40
55
70
49
16
62
41
296
182
284
35
262
72
295
118
51
130
71
221
47
139
91
8
32
124
172
249
113
265
176
193
31
222
15
24
147
153
250
267
87
281
111
102
136
234
270
218
14
101
142
164
243
232
160
58
180
19
104
128
248
300
138
226
68
245
259
148
110
206
299
289
13
157
116
165
134
168
121
143
298
103
151
257
17
256
186
264
288
45
57
36
275
279
4
88
34
6
268
92
127
290
108
44
156
33
254
170
217
85
163
174
252
225
187
293
39
21
297
231
199
274
144
214
61
215
271
184
204
261
233
83
93
213
126
96
98
219
64
67
242
46
56
84
90
75
283
119
276
211
129
149
26
38
260
278
192
179
2
200
201
53
150
12
197
202
42
63
190
280
162
27
78
50
112
152
76
258
247
238
120
177
229
9
154
291
210
89
255
181
196
236
251
25
208
106
107
173
228
99
209
115
253
282
123
80
29
220
294
37
266
59
237
145
131
203
23
114
43
73
11
30
230
246
171
132
244
5
146
159
52
237
169
125
192
246
242
223
47
70
199
283
7
45
203
19
105
98
94
243
39
183
97
96
115
156
153
109
297
282
144
126
184
240
164
140
88
9
141
228
275
295
215
51
155
159
278
296
276
197
12
177
10
187
72
239
268
235
29
101
186
16
168
284
53
106
280
112
37
214
127
110
195
287
15
26
290
299
263
34
77
135
56
150
67
75
122
162
250
281
248
254
120
222
102
130
181
62
198
50
291
236
289
129
196
285
210
28
158
11
65
233
64
258
52
270
46
69
146
176
49
182
41
232
83
73
93
81
219
89
229
133
42
167
274
104
48
190
160
175
118
165
252
14
255
179
27
211
84
230
178
245
269
59
226
208
113
85
225
5
78
188
272
86
288
260
74
213
277
32
212
185
143
58
139
23
107
24
54
161
30
33
17
20
128
137
202
55
71
76
194
180
267
217
201
292
262
174
2
264
131
36
40
218
136
206
91
57
249
119
114
79
256
60
132
234
25
63
224
138
204
31
220
241
92
293
35
271
3
286
82
147
148
1
68
259
205
152
266
298
189
191
124
87
111
209
216
279
300
171
4
231
166
6
61
173
238
43
18
99
21
273
149
207
145
22
95
151
142
116
170
100
261
80
103
157
38
227
154
253
117
247
200
13
257
66
221
193
121
244
44
163
294
8
108
134
90
123
172
265
251
54
103
206
28
148
187
65
257
194
179
293
269
287
131
243
231
168
142
286
20
74
223
178
41
23
222
64
112
88
3
104
202
128
173
36
63
37
186
10
197
298
227
273
66
150
261
139
288
7
192
282
149
240
256
180
117
86
214
205
126
278
8
106
248
141
267
213
143
281
160
55
191
232
102
201
33
290
100
146
280
77
113
299
45
182
239
114
277
144
84
44
97
155
171
176
276
158
196
167
285
175
52
120
208
43
21
101
91
79
219
253
11
17
95
147
189
199
61
193
31
111
60
204
9
51
76
162
166
151
68
234
266
26
75
58
152
85
241
13
211
250
25
127
119
5
163
71
34
122
224
110
121
145
215
140
87
94
212
274
99
177
115
217
289
207
29
252
258
40
210
159
300
255
229
262
181
27
78
50
259
49
6
83
118
62
254
169
271
69
80
230
245
156
228
81
15
233
135
284
39
22
225
264
263
30
188
35
12
109
125
93
295
260
46
89
38
270
133
275
154
108
251
132
161
16
296
53
42
157
249
107
134
32
246
198
237
130
90
203
183
72
129
56
221
238
216
138
209
24
272
116
96
244
195
105
48
265
4
18
2
137
279
283
220
59
218
291
170
92
200
57
70
67
235
226
247
123
153
184
172
19
190
292
1
98
242
124
297
82
174
164
236
47
268
165
185
136
73
294
14
296
210
205
70
104
69
245
283
151
261
24
227
9
264
224
257
44
114
25
42
46
174
113
289
95
236
177
48
62
30
90
254
78
53
248
286
154
287
50
127
84
299
161
206
33
102
211
251
169
79
21
10
8
130
165
45
175
146
150
216
229
164
268
97
300
2
203
35
60
153
96
159
272
208
181
40
183
57
220
83
235
86
59
67
5
298
72
240
51
145
11
207
66
61
92
34
297
198
265
36
14
288
199
91
155
111
179
117
81
119
160
124
255
238
32
15
228
192
54
110
115
247
285
88
123
49
279
3
168
12
13
215
191
189
176
167
138
219
256
140
234
58
89
271
188
195
270
64
184
103
253
41
258
65
259
158
244
4
27
239
252
187
109
212
277
80
250
166
85
133
249
112
194
56
202
99
71
218
106
246
55
225
204
266
73
172
144
275
52
82
142
196
200
148
278
19
290
1
131
63
100
242
157
37
209
135
43
132
26
163
182
292
231
126
137
280
75
134
284
101
31
139
185
269
20
281
122
186
237
232
260
77
197
173
149
291
274
6
233
201
74
213
221
223
263
141
294
94
125
162
295
18
152
87
128
143
29
226
180
7
38
222
76
217
93
147
178
156
136
190
47
39
230
28
22
276
120
108
262
98
16
68
171
23
214
116
293
243
129
267
273
121
170
17
105
282
118
107
241
193
220
291
92
269
173
4
122
90
217
150
271
15
44
153
11
260
132
19
254
276
152
113
104
165
146
52
29
206
166
177
40
226
251
31
295
49
243
175
186
91
161
263
292
268
289
1
108
27
247
89
105
235
199
84
201
76
162
234
215
293
117
202
82
237
121
300
69
185
73
246
180
272
115
204
112
43
10
45
68
107
18
51
119
13
21
20
164
170
222
26
190
48
83
211
258
282
54
22
169
240
233
209
214
283
290
160
139
168
75
191
58
120
253
38
71
133
248
41
270
207
131
178
212
221
224
156
46
59
47
225
100
239
299
210
228
274
64
192
98
60
94
273
205
216
159
196
24
74
183
203
294
12
144
284
72
231
223
14
65
50
135
266
287
182
296
179
195
257
232
30
16
262
151
264
158
184
218
3
101
5
118
6
171
279
297
157
109
167
35
134
236
197
123
261
174
187
244
39
56
259
252
242
249
36
97
126
86
66
137
9
37
181
200
80
102
124
111
256
88
189
67
138
298
230
213
286
63
42
129
128
62
288
265
267
155
285
255
110
143
114
176
81
154
23
142
250
193
194
17
95
280
219
32
57
149
208
147
25
227
34
8
188
125
53
229
33
78
28
61
163
275
55
172
281
106
77
85
87
79
70
238
245
141
145
127
7
198
277
136
96
2
241
140
103
93
278
148
130
99
116
154
179
253
6
115
126
201
55
23
130
173
198
53
288
102
46
84
43
261
197
116
264
20
184
151
51
52
85
217
219
242
140
74
171
270
44
121
177
277
293
170
190
251
287
65
99
250
215
145
118
113
159
246
22
54
138
114
213
203
188
210
228
229
260
299
34
291
175
297
239
16
14
125
62
248
40
63
47
12
156
235
89
129
295
60
2
224
120
258
100
79
269
192
56
216
97
66
172
265
155
160
300
285
8
271
180
284
72
218
131
36
59
232
24
196
106
29
27
289
206
193
26
135
139
266
109
39
214
76
137
31
11
92
162
77
165
209
57
211
128
255
189
141
278
296
78
241
123
231
286
81
124
37
236
290
191
107
132
187
194
233
148
19
150
42
268
252
64
4
30
119
186
263
28
21
267
205
94
207
71
33
199
104
168
292
105
161
279
230
83
149
281
110
103
80
10
143
15
163
262
61
18
112
182
178
91
157
144
240
220
147
225
25
174
245
88
294
298
152
256
38
48
208
58
50
176
41
5
227
204
73
280
3
181
49
212
136
17
200
234
13
87
7
272
70
90
164
95
82
185
98
158
226
169
243
75
127
195
273
247
237
111
275
276
146
96
9
69
202
101
244
86
122
254
142
274
68
283
93
223
259
45
282
153
221
167
133
249
1
257
183
238
67
166
117
222
108
32
35
134
91
22
100
29
137
246
222
241
126
163
202
48
161
43
216
65
131
247
250
170
200
98
37
227
82
99
174
182
90
283
276
33
277
49
129
233
143
215
106
208
128
51
293
114
201
243
255
59
159
132
213
80
287
214
92
110
158
142
124
175
259
146
4
226
229
13
231
272
118
125
265
217
167
284
204
72
292
54
268
113
18
1
206
50
27
122
235
180
190
198
289
11
290
144
89
282
14
162
75
93
135
85
87
300
28
67
254
212
24
178
179
207
40
8
267
104
20
145
189
286
236
119
169
261
7
273
23
183
71
220
156
168
219
160
108
165
147
81
256
184
269
62
157
134
281
41
66
223
103
263
68
105
188
251
252
46
224
266
112
195
17
294
205
280
164
150
94
264
130
38
153
299
138
155
278
177
140
61
209
173
56
296
225
95
102
63
96
141
297
34
78
121
15
79
258
32
139
260
2
298
84
69
73
151
74
42
192
35
47
19
55
52
136
9
242
172
12
53
58
64
288
274
123
88
181
193
253
166
133
191
197
97
262
248
232
291
152
245
120
26
25
36
57
60
257
279
186
77
249
238
196
83
10
149
127
111
234
6
244
218
45
275
70
203
101
16
115
176
295
171
148
230
240
21
187
211
194
117
5
107
3
154
271
76
39
270
237
199
109
221
285
228
239
210
116
86
44
185
30
31
254
11
27
248
126
266
93
100
37
207
184
163
151
71
84
300
143
226
35
109
34
40
7
239
12
15
241
172
291
299
75
115
218
206
276
223
102
297
8
189
64
232
127
185
256
246
183
56
262
69
33
29
244
255
154
31
10
293
155
41
179
95
174
197
78
28
158
137
108
125
204
134
131
195
42
60
106
215
90
198
200
201
170
72
178
193
284
225
74
61
22
94
280
286
211
46
3
146
247
229
98
52
228
39
70
14
245
77
222
217
6
47
139
268
271
59
242
118
149
121
110
124
205
180
1
38
274
190
55
257
237
283
9
167
68
243
234
32
111
270
140
132
221
212
145
85
135
281
287
269
142
188
214
147
114
83
290
44
249
161
104
86
62
97
295
20
136
122
107
88
267
210
80
36
162
92
5
250
81
171
296
50
186
181
260
138
48
160
119
264
253
192
231
238
169
157
87
265
275
203
273
159
18
220
101
216
79
227
96
279
196
278
236
209
63
103
213
230
73
82
16
282
45
112
19
233
129
25
76
144
166
26
298
263
43
65
24
17
224
208
168
173
176
199
289
259
116
153
58
258
51
240
57
251
54
277
105
113
91
164
187
89
235
67
177
288
141
150
123
49
182
30
165
23
194
21
120
130
261
294
252
2
4
292
148
128
13
53
99
191
133
175
117
285
152
156
202
272
219
66
184
213
83
196
105
209
207
130
86
56
114
176
92
11
91
164
5
22
202
173
290
54
124
71
270
159
244
23
252
46
78
183
77
293
233
186
216
99
210
73
115
275
116
201
292
297
16
15
101
285
52
241
151
162
33
61
249
174
58
296
93
113
219
35
62
111
224
154
51
17
250
144
220
236
141
208
269
25
198
276
268
180
204
70
274
65
247
282
298
1
66
136
261
57
19
214
97
189
129
188
137
245
9
215
148
139
50
96
47
167
100
6
125
112
200
88
103
152
7
205
13
36
185
194
40
277
165
260
242
102
291
118
256
195
133
72
45
264
284
10
90
153
81
271
79
64
122
134
87
95
286
84
279
158
221
140
281
168
146
2
231
143
104
41
149
37
132
75
223
234
21
163
156
30
166
138
197
240
39
128
12
278
179
228
150
226
253
232
85
229
18
145
239
206
203
142
237
53
217
82
106
4
177
67
27
74
267
55
34
43
266
94
14
29
192
119
227
160
255
225
222
155
157
80
218
238
3
76
126
300
273
243
123
89
63
38
295
44
272
288
131
42
32
60
294
59
172
117
265
109
108
193
161
199
251
171
287
289
299
257
127
24
182
121
120
110
263
170
28
187
283
31
230
8
68
248
48
262
178
26
259
211
98
175
107
258
169
212
191
135
49
147
20
280
235
69
190
254
181
246
257
10
262
45
209
169
239
224
58
15
145
46
118
93
51
4
190
6
288
228
170
220
202
200
273
237
150
103
259
196
199
283
123
133
281
161
271
229
117
221
44
146
105
71
110
183
25
37
12
175
263
275
68
167
57
140
127
75
135
298
193
124
243
267
2
159
160
125
23
156
8
286
296
120
266
61
132
201
89
223
173
258
166
226
187
83
3
186
208
42
261
76
285
19
114
88
264
66
30
218
94
72
87
180
270
98
96
152
242
131
171
22
174
265
188
165
189
53
235
254
7
92
181
225
238
151
177
141
291
79
18
250
205
182
41
260
38
277
210
300
256
272
63
292
253
43
176
112
197
82
138
294
69
198
48
134
29
232
249
80
13
137
215
290
203
100
185
50
139
247
274
67
81
280
147
70
101
289
73
191
77
36
227
33
278
55
20
230
234
255
108
287
163
35
206
241
65
269
244
9
122
102
49
282
14
47
179
78
109
86
276
204
121
21
16
119
211
279
27
97
64
39
106
142
231
154
222
178
153
115
116
148
62
216
240
54
246
217
207
299
143
184
91
85
11
60
129
252
219
212
17
214
158
233
248
251
5
107
90
245
194
236
84
113
284
31
136
111
32
40
297
59
157
144
164
213
168
126
155
56
268
128
192
26
149
172
28
95
162
195
295
99
1
52
74
130
293
24
104
34
213
149
212
56
12
249
240
228
164
293
263
128
278
160
4
191
26
300
142
98
176
286
297
144
39
289
194
299
104
248
36
59
197
112
125
242
63
234
265
66
262
117
132
272
107
25
179
170
204
52
129
27
88
134
294
57
83
141
196
180
109
13
33
35
273
40
227
8
271
143
279
287
73
152
108
251
220
252
15
200
42
54
53
181
55
209
137
163
145
122
18
136
64
22
174
188
246
221
11
154
284
239
99
51
89
247
86
131
226
41
244
9
153
236
276
198
214
71
118
264
6
113
31
91
277
217
93
155
119
62
10
187
162
190
90
241
185
46
283
80
233
189
76
232
49
105
44
225
65
173
231
151
82
165
291
5
38
169
223
205
184
34
106
78
292
208
77
123
81
116
270
92
45
193
16
139
166
285
281
37
183
206
75
67
148
1
30
260
230
121
250
60
68
219
127
158
133
245
87
32
210
150
14
255
288
21
171
95
175
94
17
258
103
167
207
290
256
282
72
186
280
156
43
20
238
229
28
135
140
235
222
295
110
124
274
74
146
215
199
177
23
102
192
120
266
100
157
29
268
216
111
182
224
296
201
50
147
126
24
58
237
253
195
172
3
257
138
69
178
218
159
267
259
261
298
79
161
168
203
275
254
211
85
269
2
70
47
243
48
114
115
61
19
84
202
97
7
96
101
130
2
149
184
12
109
53
192
117
52
216
163
195
186
25
256
26
27
275
172
20
222
14
98
165
248
67
17
156
31
19
226
293
44
32
277
85
268
253
292
122
146
103
130
24
7
43
251
35
61
209
239
188
123
169
240
112
201
136
194
204
231
181
102
242
164
121
252
71
261
101
233
273
64
129
83
191
298
56
262
58
50
151
225
297
296
46
278
173
281
91
13
272
95
212
282
227
111
59
45
40
36
175
73
167
116
221
287
132
107
110
134
114
171
205
115
200
87
249
150
264
8
223
141
22
215
170
158
48
11
33
176
207
238
108
155
74
161
237
217
286
127
168
259
185
269
99
182
243
148
255
55
244
120
62
270
5
235
228
279
23
139
224
15
140
3
119
263
220
258
126
178
21
42
206
300
106
234
147
125
213
247
232
118
284
177
9
63
230
34
104
38
267
105
144
69
241
291
280
84
4
236
196
187
283
135
82
271
289
37
254
190
94
142
30
288
166
260
160
162
65
202
41
180
68
203
124
72
250
198
77
197
295
97
100
214
89
210
29
10
153
133
154
211
265
285
18
199
143
208
266
183
28
257
16
152
179
92
174
193
157
88
229
47
76
276
90
137
219
245
131
138
75
51
96
79
57
78
274
81
93
145
60
128
159
80
294
218
189
54
1
6
113
86
299
39
290
246
49
70
66
230
250
23
279
28
246
67
75
107
261
273
54
287
44
280
164
121
166
162
200
271
124
84
113
137
224
58
47
191
235
18
131
248
87
37
152
79
86
214
110
163
284
159
101
73
39
229
68
49
65
192
257
245
127
117
148
174
57
204
185
184
123
242
216
7
221
136
11
76
267
283
6
170
222
167
285
291
143
12
286
120
30
292
63
70
71
150
187
141
59
190
92
274
29
165
102
225
31
255
282
182
179
135
106
298
198
13
8
130
125
80
36
272
252
24
209
97
72
247
205
126
114
149
266
195
231
140
103
2
48
296
226
151
95
157
100
5
27
119
15
173
265
129
22
139
158
52
99
202
211
218
108
212
269
134
33
234
83
81
77
51
207
66
46
169
38
116
109
111
244
227
171
243
132
180
295
147
9
189
42
16
21
88
138
260
14
91
264
112
85
177
55
20
219
89
144
175
50
206
133
43
217
69
32
128
215
208
178
160
64
262
196
290
96
263
94
142
254
293
168
45
4
237
53
239
228
26
17
146
156
122
145
35
155
60
41
153
10
232
82
90
299
197
62
186
268
270
276
251
294
194
161
56
253
25
277
93
19
40
249
288
213
176
105
118
98
281
61
181
210
241
220
236
74
104
297
203
233
183
172
154
3
259
238
193
300
78
258
240
256
115
223
201
278
199
289
1
275
188
34
200
163
167
40
266
238
85
168
247
8
270
93
241
203
36
74
176
189
172
49
52
252
255
159
254
221
262
35
12
62
109
132
5
180
211
70
249
143
296
179
258
110
206
216
300
245
20
205
142
146
89
190
273
27
294
160
193
67
147
81
88
13
218
69
134
225
233
80
235
202
242
246
229
104
136
226
72
287
152
130
165
42
253
148
156
195
212
112
140
231
184
55
220
64
139
29
162
240
106
103
90
115
222
31
41
277
191
283
100
79
227
154
177
28
228
192
77
188
257
164
256
119
280
23
174
201
94
275
171
18
47
113
197
51
76
78
45
61
121
183
102
208
54
151
84
71
124
274
44
173
6
24
261
4
219
281
199
271
155
289
50
194
215
30
11
175
87
282
107
166
46
213
86
299
137
161
1
237
33
122
187
114
286
290
236
2
138
83
22
98
128
251
181
268
116
19
153
68
149
293
58
101
117
17
278
150
25
73
204
120
92
230
66
170
267
131
65
34
272
125
182
26
126
196
99
169
207
96
97
111
244
291
105
63
259
285
185
53
250
243
38
133
144
57
276
37
269
224
129
198
298
59
123
297
118
157
108
21
15
16
48
95
56
284
43
186
39
288
10
135
60
145
260
248
82
9
178
239
217
209
127
32
141
214
91
210
7
3
158
295
279
292
265
75
234
223
264
232
14
263
263
74
299
97
211
265
49
31
245
272
287
254
138
260
58
262
79
277
146
259
137
4
51
237
275
178
94
213
46
108
256
96
143
182
19
32
159
106
6
167
75
216
273
292
149
29
294
7
144
60
154
203
40
244
80
99
83
100
141
238
33
78
229
295
185
91
23
52
12
278
15
26
172
290
202
34
119
56
3
86
255
156
127
148
151
179
120
116
239
42
166
155
45
217
253
142
124
48
251
257
209
207
208
285
92
66
174
39
286
176
201
67
220
103
162
43
55
226
21
134
2
281
113
269
296
24
82
280
112
234
37
71
236
249
175
297
63
223
131
77
35
140
199
123
22
135
184
50
44
133
115
198
181
186
180
53
68
129
235
158
291
195
289
62
90
132
17
218
300
241
189
270
215
228
117
152
153
274
41
69
282
145
204
84
64
5
170
28
283
177
98
173
18
192
118
210
163
136
171
248
233
27
128
105
9
16
8
36
13
276
188
231
271
246
85
214
61
107
219
87
242
261
169
183
230
130
227
114
293
222
279
264
165
240
125
57
126
88
47
1
252
104
288
164
212
139
14
232
65
243
10
157
224
168
268
122
267
221
266
102
95
194
59
54
196
193
250
25
190
30
38
111
93
191
20
284
72
247
200
101
160
150
197
206
89
161
205
187
81
121
70
73
147
225
298
11
258
109
110
76
216
4
281
183
299
77
48
137
283
219
263
159
196
54
107
103
9
128
38
23
68
214
93
164
246
212
258
121
277
247
296
215
63
31
96
13
180
294
179
105
10
39
30
243
181
50
204
73
118
83
60
86
190
217
11
290
292
37
75
171
189
72
231
91
284
240
182
154
129
110
165
275
62
172
89
221
100
208
244
227
242
133
85
261
95
69
205
251
175
177
207
266
262
92
32
99
125
22
134
148
145
152
298
29
206
3
234
257
228
87
97
126
98
42
176
21
19
253
53
112
84
174
202
268
41
35
25
131
64
184
256
143
201
81
117
144
34
116
239
122
245
273
291
127
49
163
289
282
186
285
156
229
274
162
297
111
45
27
236
18
90
192
193
56
108
209
161
279
157
15
104
78
51
74
109
288
293
66
101
167
241
58
16
300
24
135
14
79
36
153
194
276
270
197
140
17
280
225
5
224
222
211
170
94
146
102
28
230
158
7
286
278
272
199
271
57
6
252
248
249
235
142
130
141
220
160
195
67
113
151
65
47
267
233
52
255
185
70
82
88
8
188
26
166
138
44
71
61
76
178
119
2
168
223
191
12
198
187
106
120
269
250
264
237
200
150
46
115
114
265
203
295
218
132
238
210
260
232
287
226
139
136
149
173
80
33
1
123
147
40
169
55
254
43
155
213
259
20
124
59
196
197
175
75
179
18
123
79
268
11
297
162
251
212
249
224
287
74
14
300
176
70
184
239
214
227
9
133
104
234
259
299
46
282
243
169
180
35
156
117
265
248
88
124
118
221
19
141
151
45
236
204
34
246
59
191
250
165
73
66
52
203
44
187
266
91
131
256
93
13
178
241
40
182
229
188
278
33
27
255
147
166
94
114
285
159
190
81
242
10
140
110
135
253
106
85
87
262
233
158
213
39
67
97
120
28
217
3
211
17
6
20
76
119
289
136
199
290
31
223
173
130
49
254
286
83
181
258
186
202
65
1
37
61
257
77
167
283
295
121
112
292
139
238
230
293
294
55
152
270
244
126
192
247
252
205
228
100
195
103
99
98
275
144
21
48
174
125
58
277
62
193
84
273
296
42
60
86
298
225
172
276
206
194
108
43
30
8
29
142
208
146
149
2
218
157
189
150
82
264
80
291
171
78
64
69
240
72
220
22
122
263
216
232
63
207
89
160
32
24
237
128
261
102
260
57
68
226
36
288
210
96
111
56
5
164
26
4
90
107
12
41
274
279
7
95
54
16
168
51
235
115
154
245
272
23
215
134
198
113
92
209
284
53
219
280
281
116
153
231
170
127
47
222
183
143
161
138
105
201
155
71
109
200
269
137
38
132
101
271
50
148
25
163
185
177
15
267
129
145
179
287
142
217
165
189
266
116
93
58
25
128
231
163
16
81
175
161
185
12
206
180
71
13
95
129
53
229
298
20
133
258
205
66
290
131
109
188
121
144
207
152
99
153
277
154
55
213
89
9
146
197
112
245
68
242
56
118
166
6
208
75
50
110
240
263
221
122
281
14
222
62
97
193
192
44
32
73
278
70
67
92
65
2
26
191
80
88
276
77
177
248
295
117
17
59
101
60
143
82
69
86
289
261
200
30
274
35
183
282
91
119
300
269
176
292
22
285
244
252
297
48
246
41
288
235
54
136
135
273
8
87
168
111
105
134
156
190
223
36
42
114
209
43
52
299
138
85
137
224
218
201
232
257
256
196
211
157
194
76
24
296
275
45
38
4
96
228
216
40
184
57
84
108
61
72
178
51
37
63
123
204
28
253
1
100
149
284
150
236
151
294
103
141
79
107
46
74
283
233
124
49
215
159
255
268
230
226
94
181
98
260
171
234
33
21
220
130
19
250
29
162
202
169
203
174
106
113
158
102
199
214
164
3
279
10
271
125
219
90
167
120
172
272
115
182
31
259
104
270
147
140
249
195
247
267
139
243
132
210
241
23
254
155
265
15
286
160
212
83
251
127
173
170
47
7
186
239
18
198
225
64
238
27
227
11
148
187
262
34
264
126
145
291
237
280
293
78
39
5
21
235
96
148
269
59
11
141
279
12
242
192
171
198
215
44
208
234
257
186
244
184
271
81
56
90
228
230
72
270
116
223
73
209
200
162
220
42
285
237
109
91
35
89
143
246
265
113
293
297
82
256
254
181
249
45
126
259
245
261
51
7
146
127
8
10
187
147
79
99
290
1
160
168
114
4
292
31
239
54
118
140
176
87
14
49
194
214
289
156
52
95
199
291
298
139
173
23
63
15
84
300
231
250
62
295
67
163
210
145
93
178
6
212
180
97
120
128
167
138
204
129
268
55
70
166
131
136
286
175
50
104
224
165
211
288
236
20
58
37
262
69
299
195
18
60
122
121
78
196
47
152
132
280
205
65
207
123
106
119
247
154
46
201
5
98
219
170
164
76
16
189
190
34
159
287
38
9
88
108
75
225
294
28
275
172
77
110
238
17
202
26
68
40
103
94
2
282
153
19
66
74
125
150
30
274
185
158
217
179
216
218
267
263
240
182
272
296
25
197
241
278
169
83
102
13
24
260
227
92
111
22
284
243
57
193
41
85
255
32
86
149
61
221
183
43
112
161
33
134
142
124
71
252
105
251
36
281
137
177
107
213
264
253
232
48
188
222
53
101
155
229
27
64
39
248
226
258
135
151
273
133
115
117
3
276
144
266
206
283
130
157
203
29
233
277
191
174
100
80
89
91
134
254
203
194
114
258
52
224
64
297
124
174
280
276
27
277
94
58
144
90
206
148
98
146
61
34
150
287
22
233
290
131
235
120
40
282
211
30
99
217
62
71
141
48
51
257
101
249
47
21
260
73
25
244
80
86
214
53
198
57
158
278
231
104
196
229
176
172
78
142
108
31
67
149
33
119
274
228
12
267
60
54
273
136
173
20
298
162
292
29
241
153
75
77
221
102
187
165
105
7
247
207
208
255
212
55
117
63
219
23
197
223
123
213
50
226
95
147
225
294
192
262
85
10
81
129
137
6
69
178
49
135
128
15
45
159
97
166
84
270
11
145
76
234
32
256
83
163
201
17
202
156
250
199
161
232
107
169
179
289
243
299
72
127
100
236
261
264
37
182
74
3
188
218
266
121
295
285
210
204
209
177
175
16
115
93
103
259
171
38
300
106
220
293
18
4
151
271
180
157
112
245
170
113
248
143
237
87
132
269
167
5
9
126
296
111
268
42
186
39
154
140
26
251
125
79
160
1
184
193
246
46
189
118
242
263
138
56
109
19
110
239
66
59
200
164
24
238
286
272
139
284
65
130
281
155
275
82
216
168
291
116
215
190
8
28
195
70
13
152
96
185
35
133
2
283
288
253
88
41
265
205
181
122
183
43
44
92
252
230
279
191
36
227
68
222
14
240
103
78
6
263
9
157
146
51
4
294
53
226
239
66
204
57
142
71
203
46
64
160
128
235
63
240
95
179
276
289
180
40
164
99
22
261
154
101
162
274
149
194
30
207
45
187
161
156
182
133
129
112
155
77
230
225
296
273
206
3
272
74
190
38
116
70
148
173
295
96
147
143
209
218
121
237
2
69
165
117
86
195
211
286
7
168
229
43
271
67
234
278
268
114
299
175
98
23
275
236
102
89
94
131
25
140
105
244
93
88
126
163
217
125
166
97
136
215
111
8
197
20
290
184
79
159
200
18
16
193
55
48
196
291
120
85
144
91
153
170
257
231
81
29
56
76
219
172
10
58
251
123
220
248
258
205
210
24
54
233
176
19
183
113
270
109
50
75
14
124
61
152
115
279
247
224
52
267
44
189
256
223
127
132
83
191
135
15
264
269
300
243
90
11
169
208
130
139
68
104
213
178
202
72
281
253
42
285
266
283
92
188
41
1
35
158
181
282
134
137
192
27
250
110
49
47
5
259
287
12
201
284
171
80
100
255
107
32
199
62
241
87
214
186
252
265
277
118
222
17
228
177
39
60
288
185
119
174
13
84
26
145
151
73
141
280
36
34
106
254
37
293
31
298
59
262
65
216
232
21
150
242
227
297
245
138
198
246
260
122
167
108
292
212
82
28
33
249
221
238
144
51
274
282
36
26
271
11
53
156
163
189
74
260
13
228
219
136
239
27
40
162
113
234
135
281
35
116
299
71
32
25
120
182
216
84
293
56
59
243
21
276
249
152
125
77
254
75
8
184
245
246
181
283
46
153
147
161
119
185
68
151
248
167
108
195
176
2
141
224
82
210
99
165
145
230
10
225
266
155
214
286
67
17
280
292
231
204
290
73
199
63
43
146
218
177
279
197
166
18
96
202
148
94
131
172
66
124
100
187
268
288
38
196
256
30
85
261
186
87
93
262
198
129
201
241
258
110
206
226
48
238
62
237
142
178
242
170
130
45
70
102
296
233
227
267
69
24
193
217
128
272
273
194
265
57
247
83
203
76
123
149
132
34
52
33
183
89
12
209
188
92
257
236
41
28
171
103
264
252
259
98
111
109
80
215
47
137
4
251
294
221
253
58
42
157
118
23
90
284
150
158
289
65
278
64
179
300
232
173
235
31
222
134
207
160
3
250
200
50
105
95
44
295
16
81
78
107
168
213
220
164
104
244
1
9
54
208
91
174
29
269
86
138
88
60
159
154
115
297
139
140
121
240
175
285
106
287
49
39
5
263
180
277
229
190
122
275
61
15
143
22
79
117
133
169
298
72
255
20
7
55
270
37
291
126
6
112
114
212
97
223
205
191
101
19
211
127
192
14
257
190
194
134
288
277
106
137
280
99
144
321
181
172
10
247
178
34
189
163
52
289
212
66
139
198
220
301
228
11
86
253
53
250
207
47
203
265
73
168
293
50
270
234
110
9
125
170
269
266
98
104
3
105
85
162
324
15
235
4
268
233
111
222
135
141
229
177
6
299
138
310
320
37
25
146
80
118
122
276
156
147
23
315
251
113
219
179
155
260
39
116
308
195
114
213
1
180
87
103
61
54
69
42
150
17
40
275
30
13
82
126
225
166
224
59
31
77
29
148
76
74
214
202
107
236
317
201
60
184
216
109
136
173
188
12
305
281
311
204
164
151
142
46
303
300
249
44
286
183
143
96
70
152
72
68
279
252
261
101
95
149
284
94
63
112
208
226
154
254
278
290
200
246
238
322
93
145
318
187
119
161
221
49
58
263
264
115
55
255
120
323
294
232
231
175
158
130
18
121
62
128
313
2
32
314
127
81
140
206
262
41
186
79
244
26
35
240
298
36
283
88
304
67
217
230
325
153
295
272
196
24
273
182
91
57
129
316
218
97
124
197
56
319
33
176
48
258
271
169
309
259
131
132
223
191
282
64
242
243
71
92
38
302
14
100
297
237
205
51
274
296
157
90
211
123
239
16
307
171
248
27
306
22
21
285
20
227
7
102
185
8
78
83
43
174
241
65
89
193
45
209
133
28
256
267
287
312
165
192
199
75
84
159
210
5
160
215
19
245
291
117
108
167
292
296
23
305
152
299
50
255
47
66
2
93
25
143
123
214
254
4
79
35
142
113
161
81
118
323
268
172
195
218
68
10
297
107
261
181
119
55
309
78
5
154
212
206
180
13
14
224
252
307
62
211
273
317
48
319
322
244
264
208
51
32
168
60
125
151
169
64
11
201
281
17
186
279
260
227
46
241
87
167
210
19
251
310
266
226
36
63
37
175
178
184
193
199
174
129
146
101
7
245
54
31
52
229
289
128
136
235
311
57
202
42
179
301
188
147
166
191
284
61
24
121
137
220
292
320
234
223
250
144
22
183
69
306
231
225
139
217
97
314
49
1
84
318
18
213
115
90
286
177
274
256
34
275
163
189
26
285
131
265
182
155
257
65
233
82
108
67
77
205
253
325
173
110
104
130
98
75
304
164
103
222
111
3
288
127
9
94
271
259
134
207
302
80
295
242
99
74
86
280
145
100
159
92
240
106
219
133
6
120
73
27
243
232
76
58
215
298
291
312
246
149
247
15
158
272
157
300
95
140
105
230
194
316
162
160
324
40
237
263
204
141
56
85
138
236
165
53
197
269
239
203
83
33
126
44
176
282
122
238
109
12
20
8
71
290
112
187
293
96
29
262
209
228
190
315
216
117
258
267
150
38
45
153
41
308
270
278
30
277
248
192
91
303
196
283
221
88
70
294
102
59
89
249
170
39
72
124
287
43
148
114
156
21
135
116
276
321
132
313
200
171
28
198
16
185
246
10
215
249
13
89
57
242
265
266
205
152
129
224
84
228
235
291
259
166
230
93
72
160
187
310
50
180
258
132
295
127
202
170
118
74
161
290
248
314
145
296
153
171
184
251
64
73
200
254
26
3
121
1
113
14
46
288
285
110
189
320
69
239
199
126
80
151
119
324
137
207
210
155
175
236
271
283
21
282
302
32
108
190
298
133
112
35
221
195
292
196
194
315
287
48
261
56
148
59
19
92
70
125
135
273
240
105
208
252
66
319
297
289
43
81
250
255
117
31
223
232
75
321
44
168
120
268
61
5
281
12
76
243
85
8
141
325
280
316
102
260
9
122
11
293
262
7
312
167
181
164
217
197
201
124
41
82
115
24
241
182
150
95
192
149
116
311
68
96
83
100
38
34
47
299
111
237
264
67
191
203
225
178
219
267
114
209
55
159
305
188
109
53
128
256
309
104
165
162
36
234
22
71
16
79
62
140
185
270
216
99
322
123
158
294
213
37
218
212
103
146
157
172
97
86
91
63
25
147
77
244
156
279
323
206
173
231
139
20
179
87
238
17
275
94
301
174
193
18
169
276
176
27
54
163
226
15
65
4
245
49
307
214
60
90
143
131
284
107
106
263
177
300
58
204
101
78
257
198
274
52
39
227
51
269
253
317
33
6
286
40
88
247
28
144
138
220
233
130
154
318
229
142
136
134
45
222
304
42
23
98
29
303
211
277
183
306
2
272
313
186
30
278
308
17
33
119
99
267
193
73
319
12
111
305
259
82
165
121
235
219
162
229
320
153
38
171
8
324
127
249
220
138
25
221
105
80
92
62
114
227
278
196
7
312
76
251
94
66
152
155
115
271
170
100
109
91
108
301
183
158
47
232
84
160
98
209
187
147
262
88
189
34
161
288
208
134
139
202
52
177
6
317
154
39
293
141
26
200
247
260
325
97
254
240
23
3
13
218
269
252
265
68
135
182
164
272
283
46
104
291
181
122
136
22
150
131
257
31
32
45
132
172
245
296
237
118
321
61
63
289
217
276
292
54
156
65
242
116
133
306
313
290
255
106
253
179
316
180
117
315
318
287
205
15
281
239
178
70
20
78
233
298
286
250
195
89
248
198
41
186
11
58
310
40
157
308
234
48
212
311
69
27
112
51
300
79
215
123
137
211
231
303
126
166
96
241
110
285
275
149
102
29
323
263
216
203
270
190
222
223
56
5
19
90
279
2
163
206
128
258
81
148
55
191
43
185
74
210
21
59
1
238
95
151
42
307
168
282
57
261
266
169
236
16
188
295
226
297
120
64
194
224
322
294
173
304
225
83
302
10
197
309
264
167
75
124
284
113
142
144
184
35
60
37
44
71
256
244
14
192
85
299
280
28
201
77
277
214
159
145
87
199
30
246
274
213
67
175
146
53
174
314
204
176
49
230
243
9
50
93
268
36
129
143
273
4
140
207
101
72
18
103
86
125
24
107
130
228
155
188
177
2
268
140
84
5
221
228
171
312
40
256
193
267
158
311
235
241
78
85
117
76
12
322
137
276
112
321
216
39
237
178
100
201
187
281
218
148
48
10
60
227
289
98
156
288
164
182
236
19
194
41
324
169
126
253
61
82
265
248
131
195
70
146
209
220
124
286
170
305
107
151
104
319
27
138
14
16
309
157
174
105
233
11
272
52
190
44
245
223
314
200
317
208
189
24
232
323
266
127
318
139
284
302
294
282
45
180
239
94
279
8
191
4
301
315
35
96
118
101
29
308
50
17
273
121
135
246
141
298
313
145
37
26
181
74
213
93
172
71
119
197
103
166
152
79
299
142
116
129
149
278
108
224
219
90
46
153
13
147
43
91
210
7
247
23
287
161
231
226
167
234
202
123
109
296
65
162
292
115
25
262
128
15
206
192
297
269
300
280
291
134
285
30
293
249
199
64
183
229
310
22
225
215
86
295
32
95
263
261
38
159
55
222
53
255
57
316
1
250
102
254
28
160
173
99
88
21
111
87
186
113
277
243
144
77
106
80
154
89
122
185
133
325
31
125
130
240
83
290
47
274
165
238
257
304
6
242
320
63
211
33
132
34
258
67
68
179
54
56
69
207
275
176
205
18
66
230
283
260
49
270
168
198
20
306
9
204
203
97
81
175
150
62
214
303
59
264
163
244
73
196
271
42
36
92
58
307
259
75
51
143
217
251
72
3
120
212
114
110
252
136
184
155
296
216
317
161
76
142
291
24
94
184
225
219
78
169
16
261
301
56
147
83
67
205
59
228
209
189
270
314
232
89
175
312
193
300
36
123
306
39
4
118
129
245
244
20
127
321
180
54
222
87
101
286
273
7
126
62
236
212
196
145
19
132
102
235
63
80
249
17
316
3
52
144
116
190
240
295
113
304
2
48
218
208
221
292
5
213
164
55
131
185
26
183
60
315
8
13
206
322
85
30
12
27
230
265
260
200
163
137
70
202
139
191
110
251
95
138
211
275
215
140
165
278
264
128
122
187
289
167
79
255
57
207
97
86
58
105
283
311
96
154
242
233
231
133
203
204
250
33
108
21
72
159
114
121
35
149
274
323
158
258
77
64
269
71
248
177
313
42
299
146
124
293
241
186
277
18
38
302
34
75
223
136
171
134
294
98
81
47
74
239
226
162
11
192
181
15
290
120
282
150
68
88
310
281
10
170
135
125
148
50
41
254
188
65
194
287
103
111
84
25
157
152
303
252
199
45
259
49
253
174
106
37
61
198
320
9
319
46
227
156
82
172
91
276
153
143
325
257
44
109
217
272
280
262
285
90
31
243
151
308
115
69
307
284
73
298
197
318
288
266
168
195
179
267
166
247
182
51
100
271
309
256
43
297
92
160
6
28
23
40
117
268
1
201
224
93
210
119
107
173
263
22
29
99
220
130
237
32
178
141
246
279
66
324
305
238
104
112
234
53
214
14
229
176
237
38
32
27
175
177
90
138
168
41
77
239
309
176
28
203
80
17
10
52
246
181
97
141
305
314
157
292
127
54
170
242
289
31
241
128
266
107
136
275
191
116
42
213
109
247
233
100
254
300
256
195
115
262
106
198
220
253
156
1
189
183
143
313
268
39
294
114
155
112
95
124
274
303
167
113
295
152
273
160
298
81
36
231
14
184
319
16
249
270
307
172
245
272
311
302
37
61
98
74
111
180
235
75
84
190
133
205
63
188
78
59
288
79
120
126
129
134
69
287
89
21
93
285
132
26
278
293
11
51
137
104
144
154
306
277
158
92
261
47
40
211
259
283
131
25
290
5
29
202
87
20
224
57
6
171
122
323
238
147
23
308
45
67
193
123
46
232
169
260
103
121
222
296
33
243
223
83
297
312
271
212
192
264
68
244
108
207
225
161
153
164
208
22
199
8
320
286
162
30
19
139
102
174
218
201
53
269
105
214
56
48
101
146
13
324
142
265
263
7
96
60
94
217
9
219
99
197
322
299
118
187
150
135
304
151
267
159
35
50
206
310
209
234
12
163
110
49
149
24
240
229
88
284
2
315
43
325
44
4
255
165
117
301
204
215
76
186
64
119
82
55
65
145
250
228
216
62
178
73
3
148
66
226
318
71
280
276
236
86
257
200
140
282
227
221
210
72
317
291
18
70
279
91
125
321
196
34
85
15
248
173
258
251
185
166
179
230
281
316
194
252
58
182
130
256
162
301
210
91
103
276
297
258
95
217
7
75
206
15
59
190
14
48
224
96
294
44
72
152
293
320
109
275
39
166
171
311
170
203
106
31
108
144
97
196
121
9
246
74
197
268
127
6
251
255
231
219
47
303
27
319
85
100
56
146
24
2
89
161
92
228
299
128
220
237
116
235
239
18
207
126
270
281
118
71
174
113
304
134
55
138
286
164
212
82
201
154
306
84
252
186
64
225
238
209
110
37
10
242
101
298
325
302
312
8
1
65
169
261
245
139
13
177
76
240
93
43
151
120
132
111
122
278
187
259
145
317
23
315
308
244
104
282
133
51
284
11
124
125
168
198
49
322
283
35
123
158
214
232
53
66
182
119
233
94
156
155
88
159
272
26
181
136
218
160
265
79
295
279
257
253
107
131
32
273
183
193
165
191
81
38
78
157
216
67
21
80
22
29
73
175
277
60
243
202
69
180
289
313
3
77
99
267
296
316
63
137
222
57
70
227
211
25
148
274
33
36
176
90
142
184
208
292
205
42
17
167
28
188
305
163
263
241
310
40
204
264
98
143
68
189
247
5
199
266
250
229
213
46
117
324
147
323
234
271
173
45
249
290
20
262
112
318
288
300
287
178
223
230
285
141
149
269
62
87
150
215
50
4
194
130
192
102
153
52
114
179
321
254
309
30
314
105
200
221
54
307
129
236
83
195
12
172
260
291
16
58
61
115
41
140
280
19
135
226
34
248
185
86
270
90
248
174
287
98
1
188
246
223
150
180
318
284
78
183
301
158
63
42
156
64
86
123
5
274
222
87
278
7
9
71
134
171
239
217
135
294
53
109
120
106
322
296
245
143
115
289
138
19
62
12
193
136
200
96
229
169
85
207
29
89
242
209
72
176
281
195
286
257
324
235
267
295
210
35
49
116
161
37
127
10
54
272
225
6
141
52
307
271
24
38
36
282
155
213
111
55
66
146
101
291
297
126
57
77
149
80
58
18
97
302
305
292
132
166
152
45
31
25
61
252
164
133
107
125
121
131
256
236
104
198
316
260
275
48
69
314
110
160
178
102
226
47
50
81
82
51
124
263
3
214
129
310
221
264
211
114
306
231
139
179
285
227
212
304
192
196
186
113
14
320
216
83
243
23
315
137
309
93
28
187
21
237
154
79
92
325
308
319
175
17
128
194
162
321
144
33
254
249
172
241
173
262
75
215
94
203
119
293
280
228
105
16
240
56
118
288
60
32
277
99
39
279
151
258
168
147
238
177
130
84
206
218
219
153
205
181
44
259
59
4
182
74
73
224
290
269
148
311
20
303
46
170
165
43
313
27
103
265
251
189
202
276
255
167
88
15
253
41
261
13
300
201
142
65
112
34
108
268
312
76
67
185
234
190
91
233
199
247
250
197
184
68
299
117
122
266
244
30
40
191
323
8
204
232
208
273
2
26
283
11
230
70
159
140
220
22
95
298
100
317
145
163
157
49
238
89
206
52
227
3
241
23
291
244
182
37
193
243
236
138
118
56
312
220
235
158
24
30
154
323
75
200
85
60
130
99
41
67
87
319
195
22
125
12
10
27
279
63
237
48
2
39
8
59
104
68
40
258
11
15
108
5
257
38
278
90
126
196
294
314
145
212
185
71
194
166
92
174
286
322
290
300
265
132
172
83
135
4
144
267
74
61
203
84
82
43
218
160
224
169
26
98
266
62
163
268
207
150
251
14
282
106
303
143
171
277
66
248
142
32
325
301
321
211
45
215
115
260
86
151
101
70
317
119
320
184
20
276
31
261
240
129
298
134
274
34
269
33
324
50
213
249
120
78
127
297
287
140
230
228
64
165
73
233
191
109
25
255
253
245
107
170
178
55
36
122
285
105
91
284
273
69
250
116
270
88
219
6
305
209
190
53
16
309
51
162
262
187
141
76
100
197
1
21
123
155
111
131
283
153
124
157
139
102
148
54
188
221
113
47
176
35
80
189
186
19
246
316
242
72
226
133
112
81
225
271
77
57
263
94
167
229
307
183
179
208
254
247
97
292
311
168
7
96
289
121
259
65
149
205
313
128
239
308
152
159
302
304
295
42
164
280
310
217
46
146
181
222
17
44
180
318
272
288
315
156
9
79
114
110
256
210
264
204
198
293
28
202
136
234
201
177
281
296
117
161
13
214
199
137
192
232
223
147
103
252
231
58
18
306
299
93
216
95
173
175
29
275
296
122
58
184
132
151
322
309
259
295
228
81
26
119
198
95
110
75
237
310
229
161
178
12
215
18
14
271
36
270
97
201
314
257
216
166
204
46
287
30
250
56
31
235
7
99
66
308
302
77
292
307
267
324
294
143
22
268
162
207
35
177
127
283
136
300
32
190
263
78
60
118
88
117
150
167
172
90
192
240
80
109
196
297
275
187
1
260
148
108
28
276
53
126
179
249
125
21
141
149
274
146
208
282
157
5
160
62
147
209
234
220
43
59
130
210
239
299
159
67
236
279
293
298
104
291
100
84
57
137
253
123
197
113
96
286
29
315
273
223
102
165
44
226
212
140
301
200
266
233
214
134
38
41
94
206
164
2
311
219
231
74
133
155
25
48
243
251
39
152
64
218
174
186
23
278
169
144
193
101
265
111
244
128
112
106
303
54
20
76
9
138
224
124
252
269
121
195
183
323
8
194
304
16
45
325
52
227
3
120
142
163
261
63
222
139
316
105
15
116
79
55
313
318
176
168
288
213
258
262
98
319
264
203
256
305
51
245
6
49
221
72
188
232
47
115
320
171
247
277
181
317
211
272
173
89
246
93
71
129
42
73
284
82
217
145
312
13
230
238
92
135
61
225
180
306
182
34
290
87
175
40
65
241
27
189
11
202
24
154
10
255
50
107
37
199
86
285
153
33
19
68
205
4
321
103
114
131
254
85
83
248
70
191
289
281
170
156
185
91
69
280
17
158
242
61
271
74
72
172
323
243
252
145
270
60
106
210
225
35
256
64
279
9
299
209
300
71
173
141
36
4
317
102
20
285
142
139
124
253
155
307
224
260
16
169
30
205
144
111
228
126
46
318
267
51
150
27
79
154
99
130
122
52
44
315
112
306
66
157
188
10
274
237
143
116
185
208
200
90
312
181
275
264
25
167
40
281
223
290
194
108
39
314
251
232
120
213
50
55
310
156
89
238
56
263
233
311
170
288
192
287
236
160
91
110
226
175
269
249
115
178
234
304
149
23
266
117
11
96
151
186
322
138
222
162
18
207
244
316
85
298
291
217
129
221
262
42
123
146
216
235
47
94
203
204
43
3
214
193
177
68
324
325
258
190
86
29
13
125
119
255
83
292
8
268
202
309
12
302
301
212
218
195
1
198
133
14
199
31
248
105
240
121
280
284
49
161
80
114
22
245
174
15
229
259
295
21
305
87
297
109
136
84
261
184
54
98
82
278
296
135
215
76
283
313
276
320
242
137
147
92
219
67
78
26
168
246
163
282
211
134
24
100
127
180
81
128
37
303
73
293
196
45
58
5
75
34
95
176
308
62
104
93
88
319
250
153
227
164
63
28
201
33
286
118
53
6
179
48
294
165
140
158
272
148
32
77
97
69
257
17
65
277
247
189
206
321
59
70
2
171
187
132
197
101
113
131
152
230
182
191
220
166
265
239
183
41
273
7
231
38
103
254
107
57
241
19
159
289
14
104
284
154
260
249
306
163
33
211
310
48
181
168
291
60
285
227
194
247
172
10
214
4
233
67
160
234
312
317
210
84
169
114
308
305
256
122
192
69
107
22
259
150
13
68
5
75
11
59
309
177
105
23
3
87
242
17
248
97
118
6
292
133
203
320
297
300
61
148
216
94
115
254
183
195
45
21
142
213
91
88
146
223
143
179
198
81
98
99
90
296
170
208
164
157
283
9
52
77
141
129
267
92
2
162
245
159
55
173
66
323
40
325
200
303
302
215
123
271
106
138
241
8
156
80
166
39
116
111
165
1
298
63
64
127
246
102
82
212
322
217
36
28
152
180
226
238
12
281
201
174
237
244
158
74
131
189
42
265
7
274
119
231
27
145
222
147
96
276
250
294
76
193
258
113
252
293
86
206
125
151
20
51
70
112
65
130
184
176
324
41
16
89
34
230
178
44
205
295
175
35
140
269
161
32
117
187
219
279
273
207
46
47
57
286
239
204
85
139
307
95
24
37
289
224
25
313
243
221
220
101
264
290
18
282
228
185
31
100
225
209
167
121
135
280
318
196
314
202
319
270
255
155
134
103
132
316
268
49
83
240
287
257
43
236
288
124
149
321
56
315
199
263
191
73
275
153
188
108
26
53
54
266
109
299
19
190
186
235
38
232
71
137
62
182
304
110
197
78
272
278
79
277
301
251
253
261
93
136
58
50
120
262
171
15
311
218
30
144
128
72
29
126
229
209
15
304
261
9
145
317
106
63
296
72
129
216
102
171
251
75
179
79
60
70
95
313
283
25
248
156
113
4
123
214
2
270
320
5
108
242
40
224
287
13
150
159
194
16
303
121
245
66
249
138
237
1
10
27
80
197
241
64
191
133
199
177
18
254
306
7
6
147
30
272
90
217
178
141
8
204
198
43
290
238
35
92
48
151
58
109
319
291
127
236
162
201
223
284
215
125
12
243
294
33
142
69
309
211
210
146
257
163
61
269
112
82
73
200
169
233
116
139
49
252
29
297
234
271
231
144
143
185
168
280
246
240
307
195
111
93
302
220
203
37
148
189
282
152
244
312
207
213
299
227
323
322
321
205
36
46
98
128
105
76
88
263
47
140
161
259
154
118
96
228
175
316
26
74
218
153
164
130
308
182
59
305
85
21
28
78
166
54
50
266
324
77
247
17
107
277
53
68
89
104
136
120
124
325
51
206
267
315
122
84
71
115
314
300
132
41
301
212
264
94
184
24
22
19
83
155
174
255
135
288
34
229
190
279
318
265
55
20
42
193
225
172
137
110
167
23
119
103
310
274
222
117
281
65
260
286
38
100
292
81
273
276
62
262
45
181
188
3
250
31
44
230
32
14
158
253
114
208
192
176
160
126
226
170
39
289
180
157
196
285
131
239
187
232
87
219
268
11
293
298
91
186
67
165
275
99
101
134
97
173
52
86
183
256
311
57
149
235
295
221
258
278
202
56
16
11
173
25
313
96
6
262
308
65
171
270
118
99
321
19
144
76
304
107
83
131
223
310
300
230
266
54
311
101
160
212
143
202
179
159
247
272
35
306
205
269
157
183
181
12
94
113
301
31
165
283
293
18
24
134
164
286
258
292
178
136
77
296
243
253
236
289
155
125
17
132
176
281
49
277
43
184
263
117
210
64
199
246
48
200
154
177
251
1
235
104
249
127
2
122
138
224
284
290
47
226
187
152
324
305
55
169
36
255
182
121
10
74
39
276
163
30
234
229
220
141
298
188
193
137
222
91
81
221
240
172
314
41
297
303
103
139
198
185
252
204
22
90
14
51
88
147
89
68
78
285
70
318
232
250
295
58
215
219
217
129
57
319
97
213
299
119
168
209
259
264
175
309
170
267
150
42
323
82
196
26
67
128
126
52
192
71
38
105
40
20
93
45
63
7
111
85
3
203
225
151
73
307
124
62
153
195
282
102
206
158
53
80
239
92
44
174
133
271
278
320
46
110
257
50
317
37
242
60
87
8
98
59
5
32
214
28
27
145
273
191
180
106
268
135
29
294
216
167
288
207
13
120
315
34
75
116
86
254
9
23
287
325
265
322
162
256
241
302
4
33
56
115
142
228
274
189
166
100
66
61
95
233
109
112
275
190
72
245
123
194
218
140
280
238
227
208
21
15
156
146
261
79
312
211
279
114
84
316
244
130
197
108
148
149
248
237
231
201
161
69
291
186
260
309
131
53
273
33
31
114
63
109
266
28
276
16
21
300
94
119
115
275
90
268
239
166
267
9
161
297
26
291
175
216
67
189
20
254
201
149
47
112
206
277
38
174
122
290
27
191
12
279
117
88
129
158
231
77
133
95
261
51
147
52
61
211
219
142
10
163
247
301
36
274
234
225
299
271
62
105
193
39
263
233
68
50
317
108
14
186
150
81
248
128
159
296
197
181
295
78
284
144
245
153
249
102
104
256
145
325
6
76
190
35
294
320
230
213
137
172
183
87
214
151
251
93
136
34
116
84
140
1
217
41
98
304
169
167
56
315
298
199
308
96
258
60
198
70
160
285
146
85
106
24
176
228
253
220
113
44
37
281
107
210
287
241
100
215
180
269
238
4
5
103
58
264
310
43
8
173
89
155
130
59
164
170
313
242
246
29
165
11
132
272
226
303
64
209
54
311
255
46
194
202
236
179
156
223
162
2
32
318
154
178
148
42
3
306
55
188
321
152
75
222
74
97
250
120
196
265
79
323
22
83
203
138
224
237
259
283
184
69
289
322
15
293
262
244
135
204
240
110
57
177
319
19
316
123
73
257
312
143
212
13
324
80
305
302
185
260
168
205
221
126
48
92
314
187
270
118
195
86
157
292
99
49
40
171
235
72
252
124
218
307
101
91
229
243
30
227
182
127
71
7
288
208
278
134
66
25
125
286
282
65
207
82
200
232
111
139
17
192
18
280
45
141
121
23
